78, 45, 12, 89, 34, 67, 23, 90, 56, 11,
3, 62, 99, 22, 18, 5, 74, 38, 15, 8,
29, 54, 70, 1, 39, 66, 83, 42, 77, 92,
44, 49, 80, 25, 32, 63, 4, 73, 72, 16,
60, 94, 30, 81, 41, 57, 10, 20, 82, 14,
33, 26, 7, 86, 47, 68, 93, 75, 24, 17,
14, 76, 59, 55, 35, 100, 65, 13, 88, 9,
48, 71, 39, 84, 58, 61, 97, 45, 95, 85,
37, 40, 8, 69, 46, 2, 28, 90, 93, 87,
99, 55, 62, 26, 27, 17, 78, 44, 56, 37,
3, 9, 12, 46, 81, 90, 49, 64, 66, 10,
25, 32, 53, 80, 21, 42, 17, 19, 74, 38,
36, 88, 14, 50, 72, 11, 1, 19, 60, 86,
33, 22, 43, 8, 57, 31, 2, 94, 99, 82,
9, 13, 29, 75, 45, 42, 48, 71, 58, 39,
90, 64, 78, 34, 67, 83, 24, 53, 20, 91,
6, 18, 25, 30, 77, 86, 55, 3, 59, 10,
100, 12, 38, 17, 80, 4, 11, 99, 32, 61,
2, 73, 1, 98, 65, 88, 46, 40, 15, 72,
35, 44, 16, 66, 7, 20, 36, 70, 49, 92,
14, 50, 18, 80, 57, 83, 39, 24, 19, 34,
29, 61, 73, 56, 4, 95, 95, 66, 2, 82,
12, 54, 72, 6, 61, 79, 77, 84, 45, 81,
55, 19, 23, 67, 90, 12, 33, 48, 25, 38,
70, 8, 8, 64, 14, 37, 87, 32, 99, 5,
75, 2, 13, 41, 43, 26, 99, 1, 9, 60,
69, 52, 15, 57, 10, 3, 38, 77, 62, 66,
18, 72, 94, 54, 29, 44, 47, 96, 80, 11,
49, 22, 46, 86, 23, 88, 14, 39, 61, 8,
58, 3, 99, 5, 65, 67, 16, 1, 37, 92,
62, 4, 20, 48, 35, 29, 19, 50, 8, 75,
9, 54, 70, 86, 41, 32, 64, 82, 39, 94,
7, 22, 11, 91, 45, 38, 1, 96, 25, 15,
73, 14, 27, 93, 12, 49, 87, 60, 79, 72,
8, 9, 35, 66, 20, 31, 88, 3, 18, 14,
27, 57, 37, 81, 65, 44, 16, 58, 50, 83,
99, 92, 36, 41, 80, 82, 74, 63, 78, 11,
19, 64, 24, 56, 86, 90, 39, 49, 33, 20,
1, 5, 74, 12, 77, 17, 83, 30, 48, 42,
55, 23, 62, 66, 8, 10, 18, 29, 14, 92,
39, 54, 67, 99, 2, 70, 73, 44, 60, 15,
84, 56, 7, 91, 86, 36, 62, 94, 59, 38,
1, 5, 78, 40, 4, 25, 81, 13, 88, 68,
2, 45, 25, 91, 82, 14, 54, 76, 7, 48,
49, 12, 10, 87, 23, 85, 99, 4, 22, 19,
78, 55, 32, 36, 66, 88, 60, 1, 91, 76,
83, 84, 14, 99, 96, 54, 3, 75, 7, 62,
39, 47, 28, 18, 57, 50, 22, 41, 16, 73,
8, 90, 44, 65, 15, 12, 48, 69, 26, 20,
11, 34, 58, 71, 77, 64, 49, 2, 33, 86,
93, 30, 39, 87, 92, 68, 53, 1, 5, 61,
21, 4, 71, 14, 8, 19, 38, 2, 86, 54,
80, 45, 68, 99, 9, 12, 95, 60, 50, 90,
3, 20, 77, 41, 26, 33, 5, 18, 99, 10,
72, 86, 62, 61, 8, 67, 79, 32, 88, 84,
30, 39, 54, 16, 7, 33, 1, 66, 73, 12,
53, 11, 44, 19, 8, 70, 60, 99, 45, 24,
80, 92, 36, 5, 18, 90, 63, 99, 14, 77,
82, 10, 28, 89, 56, 1, 2, 62, 85, 77,
50, 39, 58, 35, 44, 21, 96, 70, 73, 40,
90, 4, 75, 32, 64, 61, 3, 87, 54, 18,
8, 9, 36, 66, 2, 14, 50, 49, 37, 93,
12, 22, 83, 55, 60, 1, 72, 88, 9, 48,
99, 42, 30, 24, 70, 19, 45, 14, 8, 87,
6, 1, 60, 57, 18, 93, 61, 79, 83, 11,
5, 72, 78, 39, 94, 24, 20, 38, 86, 16,
75, 8, 64, 35, 91, 12, 3, 46, 66, 81,
50, 14, 9, 100, 69, 95, 54, 66, 44, 61,
26, 2, 15, 7, 46, 49, 90, 39, 39, 84,
17, 22, 32, 62, 1, 58, 20, 10, 36, 48,
76, 28, 74, 39, 68, 4, 92, 3, 63, 91,
45, 12, 11, 17, 88, 14, 50, 45, 72, 96,
89, 53, 22, 8, 38, 13, 82, 67, 50, 7,
99, 16, 35, 80, 19, 61, 5, 10, 94, 73,
33, 26, 57, 40, 6, 88, 42, 64, 30, 76,
21, 20, 78, 1, 55, 92, 36, 25, 56, 85,
99, 39, 14, 68, 2, 18, 64, 8, 45, 71,
70, 61, 12, 88, 86, 9, 19, 54, 29, 3,
32, 51, 72, 58, 1, 100, 28, 49, 42, 77,
94, 6, 67, 39, 59, 55, 88, 14, 90, 98,
33, 29, 2, 8, 3, 27, 15, 36, 66, 74,
12, 43, 80, 32, 18, 45, 75, 57, 64, 1,
47, 99, 83, 7, 22, 21, 10, 26, 30, 4,
55, 9, 65, 66, 42, 40, 23, 95, 34, 54,
85, 17, 72, 20, 82, 16, 8, 46, 75, 99,
39, 90, 2, 1, 70, 58, 14, 36, 33, 59,
14, 48, 78, 24, 36, 88, 41, 55, 3, 91,
82, 6, 57, 12, 15, 67, 40, 77, 65, 13,
99, 63, 54, 80, 27, 1, 9, 20, 32, 86,
91, 39, 45, 68, 73, 4, 25, 14, 12, 88,
99, 70, 8, 82, 36, 66, 23, 5, 47, 15,
79, 100, 1, 24, 60, 92, 76, 48, 19, 97,
3, 18, 66, 73, 99, 39, 85, 66, 14, 12,
2, 10, 54, 46, 17, 36, 91, 44, 99, 7,
31, 48, 40, 5, 11, 61, 78, 64, 91, 22,
88, 9, 12, 19, 84, 70, 99, 73, 37, 50,
44, 15, 4, 58, 20, 1, 94, 11, 30, 66,
53, 63, 74, 39, 90, 42, 56, 8, 3, 16,
87, 38, 55, 32, 12, 6, 10, 77, 69, 88,
2, 3, 4, 4, 7, 1, 9, 34, 47, 10978,
