43, 12, 67, 89, 34, 90, 21, 45, 23, 78,
56, 99, 3, 62, 11, 74, 38, 15, 8, 29,
54, 70, 18, 2, 64, 36, 88, 50, 27, 19,
1, 39, 66, 83, 42, 5, 77, 92, 44, 49,
80, 25, 32, 63, 4, 73, 72, 16, 60, 94,
30, 81, 41, 57, 10, 20, 82, 14, 33, 26,
7, 86, 47, 68, 93, 75, 24, 17, 14, 76,
59, 55, 35, 100, 65, 13, 88, 9, 48, 71,
39, 84, 58, 61, 97, 45, 95, 85, 37, 40,
8, 69, 46, 99, 1, 22, 28, 90, 93, 87,
99, 55, 62, 26, 27, 17, 78, 44, 56, 37,
3, 9, 12, 46, 81, 90, 49, 64, 66, 10,
25, 32, 53, 80, 21, 42, 17, 19, 74, 38
